21
C.carcharias_dnai1.2_dynein_axonemal_intermediate_chain_1_paralog 0.0000000 0.8075144 0.7274857 0.7112728 0.6625125 0.7238492 0.6557649 0.6471157 0.6170397 0.5242451 3.9157422 3.7999500 3.9594879 3.8102753 3.6253373 3.6348268 3.6736848 3.5568637 3.6702081 3.5485457 3.3093309 
G.aculeatus_dnai1.2_dynein_axonemal_intermediate_chain_1_paralog_ 0.8075144 0.0000000 0.7669673 0.7509652 0.7491566 0.8000512 0.6711321 0.6889072 0.4302763 0.6109596 3.5083717 3.4314337 3.4197644 3.5561146 3.3976826 3.3052469 3.3868775 3.3422969 3.5477604 3.2953851 3.1961883 
E.caballus_DNAI1_dynein_intermediate_chain_1_axonemal_isoform_X3  0.7274857 0.7669673 0.0000000 0.4788370 0.1164623 0.1876906 0.3595530 0.6230202 0.5812402 2.7769121 3.4449109 3.2995991 3.4235759 3.4476975 3.4084065 3.1921973 3.1916609 3.0989398 3.2986512 3.2417254 3.0295023 
G.gallus_DNAI1_dynein_axonemal_intermediate_chain_1_isoform_X1    0.7112728 0.7509652 0.4788370 0.0000000 0.4279760 0.4787754 0.2870030 0.5759793 0.5132242 0.5807372 3.5632274 3.4688354 3.6109647 3.8091381 3.7764063 3.5271530 3.4354577 3.3087372 3.5822535 3.5504032 3.2187719 
F.catus_DNAI1_dynein_axonemal_intermediate_chain_1_isoform_X1     0.6625125 0.7491566 0.1164623 0.4279760 0.0000000 0.1225044 0.3159444 0.5433790 0.5257445 0.5465269 3.3580072 3.2959988 3.4240378 3.3483548 3.3834855 3.1312150 3.2642409 3.0774439 3.2085539 3.2075564 3.0019448 
H.sapiens_DNAI1_dynein_axonemal_intermediate_chain_1_isoform_2    0.7238492 0.8000512 0.1876906 0.4787754 0.1225044 0.0000000 0.3675220 0.5463174 0.5573156 0.5465269 3.2975933 3.2543657 3.3488327 3.3726476 3.2885503 3.0764698 3.1679930 3.0502614 3.2634235 3.2258441 2.9550129 
C.mydas_DNAI1_dynein_axonemal_intermediate_chain_1_partial        0.6557649 0.6711321 0.3595530 0.2870030 0.3159444 0.3675220 0.0000000 0.4902833 0.4424200 0.4627219 3.4699289 3.3856927 3.5466377 3.6356691 3.6357707 3.5255236 3.4187671 3.3592630 3.4700711 3.5047304 3.2820571 
X.laevis_dnai1.L_dynein_axonemal_intermediate_chain_1_L_homeolog_ 0.6471157 0.6889072 0.6230202 0.5759793 0.5433790 0.5463174 0.4902833 0.0000000 0.4806477 0.5079685 3.4167183 3.2650763 3.3411470 3.5865064 3.6290051 3.4078290 3.5769786 3.3624490 3.4848713 3.3364186 2.9353428 
S.salar_dnai1.2_dynein_axonemal_intermediate_chain_1_paralog_2    0.6170397 0.4302763 0.5812402 0.5132242 0.5257445 0.5573156 0.4424200 0.4806477 0.0000000 0.0974055 3.5096587 3.5231951 3.5983242 3.8178404 3.7850763 3.5905249 3.6729698 3.3733257 3.5199312 3.4995591 3.3060948 
D.rerio_dnai1.2_dynein_axonemal_intermediate_chain_1_paralog_2    0.5242451 0.6109596 2.7769121 0.5807372 0.5465269 0.5465269 0.4627219 0.5079685 0.0974055 0.0000000 4.6348994 6.4194269 9.0000000 5.7244506 7.6322357 4.6787488 8.9999990 5.8539500 3.4503558 4.2653971 0.0000010 
H.sapiens_DNAI4_dynein_axonemal_intermediate_chain_4_isoform_X8   3.9157422 3.5083717 3.4449109 3.5632274 3.3580072 3.2975933 3.4699289 3.4167183 3.5096587 4.6348994 0.0000000 0.2050449 0.2148033 1.6031265 1.3486551 1.0376271 1.2370551 1.0203178 0.9136807 0.7281734 0.8761818 
E.caballus_WDR78_WD_repeatcontaining_protein_78                   3.7999500 3.4314337 3.2995991 3.4688354 3.2959988 3.2543657 3.3856927 3.2650763 3.5231951 6.4194269 0.2050449 0.0000000 0.1936441 1.5316524 1.3501254 1.0485225 1.2332470 1.0620868 0.9193650 0.7365794 0.8522463 
F.catus_DNAI4_LOW_QUALITY_PROTEIN_dynein_axonemal_intermediate_ch 3.9594879 3.4197644 3.4235759 3.6109647 3.4240378 3.3488327 3.5466377 3.3411470 3.5983242 9.0000000 0.2148033 0.1936441 0.0000000 1.5671489 1.3636829 1.0765395 1.2906397 1.0766925 0.9566067 0.7461021 0.8878226 
G.aculeatus_dnai4_dynein_intermediate_chain_4_axonemal_isoform_X1 3.8102753 3.5561146 3.4476975 3.8091381 3.3483548 3.3726476 3.6356691 3.5865064 3.8178404 5.7244506 1.6031265 1.5316524 1.5671489 0.0000000 1.2123964 0.9059704 1.6678644 1.5193011 1.4972741 1.3129073 1.3996681 
D.rerio_wdr78_dynein_axonemal_intermediate_chain_4                3.6253373 3.3976826 3.4084065 3.7764063 3.3834855 3.2885503 3.6357707 3.6290051 3.7850763 7.6322357 1.3486551 1.3501254 1.3636829 1.2123964 0.0000000 0.5927319 1.2919817 1.4166789 1.2417199 1.1064401 1.1169641 
S.salar_dnai4_dynein_axonemal_intermediate_chain_4_isoform_X1     3.6348268 3.3052469 3.1921973 3.5271530 3.1312150 3.0764698 3.5255236 3.4078290 3.5905249 4.6787488 1.0376271 1.0485225 1.0765395 0.9059704 0.5927319 0.0000000 0.9999899 1.0798928 0.9552895 0.7973064 0.8287087 
C.carcharias_dnai4_dynein_intermediate_chain_4_axonemal_isoform_X 3.6736848 3.3868775 3.1916609 3.4354577 3.2642409 3.1679930 3.4187671 3.5769786 3.6729698 8.9999990 1.2370551 1.2332470 1.2906397 1.6678644 1.2919817 0.9999899 0.0000000 1.2877044 1.1640598 0.9436765 0.9394095 
G.gallus_WDR78_dynein_axonemal_intermediate_chain_4               3.5568637 3.3422969 3.0989398 3.3087372 3.0774439 3.0502614 3.3592630 3.3624490 3.3733257 5.8539500 1.0203178 1.0620868 1.0766925 1.5193011 1.4166789 1.0798928 1.2877044 0.0000000 0.8781909 0.6098064 0.9631584 
S.townsendi_DNAI4_dynein_axonemal_intermediate_chain_4_isoform_X1 3.6702081 3.5477604 3.2986512 3.5822535 3.2085539 3.2634235 3.4700711 3.4848713 3.5199312 3.4503558 0.9136807 0.9193650 0.9566067 1.4972741 1.2417199 0.9552895 1.1640598 0.8781909 0.0000000 0.4646517 0.8755060 
C.mydas_DNAI4_dynein_axonemal_intermediate_chain_4_isoform_X1     3.5485457 3.2953851 3.2417254 3.5504032 3.2075564 3.2258441 3.5047304 3.3364186 3.4995591 4.2653971 0.7281734 0.7365794 0.7461021 1.3129073 1.1064401 0.7973064 0.9436765 0.6098064 0.4646517 0.0000000 0.6900568 
X.laevis_dnai4.S_dynein_axonemal_intermediate_chain_4             3.3093309 3.1961883 3.0295023 3.2187719 3.0019448 2.9550129 3.2820571 2.9353428 3.3060948 0.0000010 0.8761818 0.8522463 0.8878226 1.3996681 1.1169641 0.8287087 0.9394095 0.9631584 0.8755060 0.6900568 0.0000000 
